Title Test String
Xtitle X axis
Ytitle Y axis
Xlower 0
Xupper 100
Xinterval 1.0
Ylower 0
Yupper 1000000
Yinterval 100
Data
12054800 758200
141300 188700
178800 213400
141900 208600
538400 469700
435700 374000
670000 297400
512000 1123200
2601400 255800
1025000 3012400
117500 511800
199900 169600
151200 195300
777600 7813700
3884200 346700
138600 607300
115800 145000
851600 177600
2174400 158700
198500 161000
123800 649800
154300 1220500
136700 215600
101400 150900
91600 130800
444100 923800
132500 243100
87700 134400
83200 117700
118000 227000
381500 133400
722700 597000
94000 230600
93500 154200
89200 156700
93800 228400
131500 173100
84200 538500
95700 123900
120700 172000
127100 14229800
96600 117500
87900 152400
119100 152100
1717200 129300
102900 158900
93900 500500
80700 476100
864300 204300
145000 1044500
89900 137600
357800 134900
131500 135400
87200 111600
2012100 113900
347000 1151500
89600 136900
94700 207600
18146900 170500
122800 552100
3978500 197500
130700 296400
83500 114800
114900 388900
71600 119200
120100 329600
89100 120600
117000 806100
1418700 181200
94400 134400
80400 124100
96100 148900
80400 133900
84800 112400
83000 110800
69300 102000
77500 371000
131700 188400
87600 131600
99100 98100
71400 144200
108900 97700
74300 99900
96400 134200
85500 93700
73500 425600
161200 77500
93600 330300
69300 76700
67300 2751500
60200 125200
55600 103800
66900 72800
85400 65400
54900 60900
70300 79000
58500 70700
3440700 201000
64200 369900
62300 112200